1111111010011001
1101010111100001
0010110101001000
1110101100110111
0101110001101000
0111101111101001
0110000000000010
0111000011101001
0001111011000000
1101000101001011
1111011111101111
1001011101011101
1101010111000110
0000010011001100
1101001010011001
0011111001110101
1100001110000001
1101010001010110
0000101010001111
0101001100101101
0000000100000000
1010000101111011
0010111110101110
1110110111111011
1110011011000101
0110010101001111
0100110000101001
1100100111100000
0000001100011100
0010110101000111
1000001011110111
1000000000011000
1100100010110010
1010001100110100
0010000100001101
1100001011011101
1111001100100011
0011001101101010
1001100101011001
1101011000010000
1110011111101111
0011111101001000
1111101111010010
0001001110111001
1110011100111000
1011110010001010
1110111000101100
0010011110101001
0110101001110001
0110000010010011
0110001101111011
0001110001110110
0110011100101101
0011100100010101
0101000010111101
1110110011010101
1111111010010000
0011011110010000
1010101111100100
1111001111101001
0001000100000111
1110001001000111
1100101111010011
1111100011100101
1100100010111111
0001001101100001
1011011100100001
1111011010011111
0000100000100100
1101011000111001
0011001010000011
1010110001010000
0110110101001010
1010101101100000
1110010101000100
0110010010101011
0100010111000000
1000101101001100
0001101101100100
0010011100111010
1010110111000011
1011010100001110
0011100010111000
0001100001001100
1101000100111110
0100110011110000
0111100100100010
0000011111011000
0101010100011111
0001010100000100
0000100110111110
1011111110101010
0110000110101111
1110011110111110
1010110000000011
0111111001110101
1111010000010001
1010000000001000
1001111110001010
1110100001011001
1100111111110010
1101110100110011
0001110100011111
0000110100001010
0111011011011001
1011011111011010
1100111000001100
0101111001110001
0100001111011101
0100010111101010
0110001110011101
1010110010110000
1000010001110111
1000010010101010
0011101010101011
1111011010110001
1001110101101000
1010111100101011
1110011000111000
0011001000110100
1111101100001000
1000000000100100
0001000011111100
0011000011100100
0111001000010111
1100110011011111
0011010100001101
0000000011100101
1001000100001011
1001110111101110
0101000111111010
0110011011000111
1101010101010100
1000010010000111
1010001100001001
0001101111110110
1110011010111101
0110101001010000
0010110000000011
1111110100010010
0011111110110000
0001010110010011
0000111001010001
0001110011101111
1001001010000111
1010001011111110
1000101100110011
1000111001101010
1100010110100010
0000101111101011
0101100100010010
0010100100000111
0110100010010110
0100010100111010
1011111111001100
0111000110000110
1111011110011101
0101110100000110
1111000101001100
0110110011001100
0100011110001100
1000000000100111
0001101100100001
1100000101010110
1010100000000011
1100111100001011
0001110111101110
0001100100100000
1100000101111111
1101011111010100
1011010111110011
0111100011001101
0001001001001010
1011101110100010
0010001010110011
1111110001110000
1001111010011000
1101111001000110
0011100101010011
1100111111101011
0101110011111001
0010101011010011
0011100011001101
0001011100111101
1000101111001000
1011011111000101
1110001100011010
1111101100111100
0101111110101010
0101011011011101
0011011110001100
1010000000111101
1001101011011111
0101011100111011
1110011000000111
0000011101101001
1100100101010010
0001100001011101
1000000100111100
0101111011001110
0011110000111001
0010011101001111
0011101011110101
0010101010000100
1101111101010000
1101111001010101
1011100100110101
1100111010101101
1000101101001001
1100010010111010
1101001000010001
1010010001001101
0111110001000101
1110000001101011
1110100111111100
1101110000111000
0011010001000110
1101000011100101
1001110101111011
1100010110011101
0110001000010100
1001111000110101
0101010000101010
0111000010000011
0110001111011001
0100011000101101
0110010010001011
1001010101111010
0011110110001101
1010101010010111
0000100011010111
1101101100001000
0111110010110000
0010001001101101
0010011110000000
0110110010100110
0011000100000100
0001000001100001
0010110100100011
0100101010110110
0011111011010010
0001000011110010
1000111001101101
1111000101001000
0010001000110001
0001111110011001
0110000110101111
1101100000101000
1011010101001010
1010000101000000
0100000001000000
0110111010100001
0010011101011100
0111100001011101
1001100011111000
1011010110100110
0101001111001011
0111011100011010
1001100100111100
1101100100111101
0001110101111010
0111101001010001
0001101001010011
0001101101111100
0001100011010010
1001001101111100
1100011001001111
0011010010000100
1110001000110000
1010000110000000
1111100101111010
0010111110000111
1101001110110010
1001000010001100
1100011101110110
1010001010101111
1011001100000010
1001011000011000
1101111001110111
1011110110101110
0100100011111101
1011001011100001
0110000001100111
1011011010010111
0000000010101101
1110101111100111
1010111111101001
1010011101000000
1011111011011011
0111100010010101
0010100110001011
1001100101110010
1011010100101000
1100110001010111
1010101000000100
0001100101011110
1101110110101001
0010000011010000
1101000001010111
1000000001010000
1000000001101101
1100110001111011
1110111011110001
0011011111001110
0100100001010000
0100011101000101
0011011000100100
1111101011101000
0010001101011010
0101101100101101
1000010110000110
0101000010000011
0101011110101010
1000101110100110
1100101100100000
1110010000100101
0100101110100010
1001101111100011
0000010010000100
0010110111010111
0110011011100101
0001100100000101
1000111110101001
1000000111110100
1001111110001010
0111000110111110
0001100010111100
0111101110000101
1111000100001001
0001011011001011
0111000101110001
0011101011010111
0101110000110011
0111111100011000
1110011000010101
0110001100001111
1110000001001011
0110111001100101
0010011101010111
0010000010000011
1100110000010111
1001110111000000
1110101100100011
0001000111111100
0000101011001001
1011010110011111
1101111011111010
0001001011001000
0011010100000111
0010111111101010
0110110001110000
1010001011010101
0001011000110110
0000010100001100
1111011000101011
0010100100001001
0110110000000001
1110000001011110
1100100110011101
1111010010101110
0100110110000010
1111110010110000
1001011011001110
1101000100010101
0101111100111100
1000101001001010
1101110010110101
1000011100110000
0001000000000110
0110100100101110
0111010100000100
1010011111001111
1010101000000101
1101000011000010
1110001101111110
0001101101110111
1000110010001101
1000000000111001
1110111100100110
1010110001011001
0110101110101010
0111001110110010
1010001011010110
0001110011001001
1100110111111111
1111101100010001
1011000011000110
0101000011111001
0100001100101101
1001100110001010
1011111101111110
1111000100111100
0100111101110110
1101110110000100
0111000011000100
1001010110110000
1101001110110011
1111001001111000
0110100001001001
0010000101010110
1101001101110010
1101011000111110
1111100110000010
1010111101100110
0101101001001000
1111001000001110
1101010110101110
1000101100000110
0010010001001010
1100100010110110
0110000110111010
0011001110110010
1111001111110000
0100000011110001
1100001101011011
0011111110111001
1101000010011010
0101100001001000
0110101100101010
1000010110010110
1111100111000011
1101001001000111
1010010001110010
0000011100001001
1011000100000000
1011011011001110
1011100100010100
0010000110101010
0110011111111100
1100111101001011
0100001100011111
1101110111110001
1110100010101000
1111110010110101
1111010100001111
1100110001000010
0011010100101010
1001110111001000
1000010100111101
1001110011010011
1111101011011010
0001111101000111
0111011001111101
0100001001010101
1000111011001000
1101111100101000
0001101111111100
1010110000010110
0110011011001110
0101100101000000
1101111100100001
0100011111011011
0101100010111010
0010100111000110
1001011010101110
1011010101001011
0101100101010001
1001011111011110
1001010110110000
1100011010111100
0111011100110011
1001001110100101
0011001100101011
1111111010000001
0110101010010111
1000001011111001
0100001111011101
0100111011110100
0000000011000110
0101101111000010
1101100001011101
1101100101010101
1000010110101011
0001010010100100
0111000111011110
1100111011101100
0000000011100010
0100100111001000
1111100101111010
0011101101100101
0101110000010110
1010100110101111
1001010011010101
1001111101110010
0110101001000100
1010000011101110
1111110101101001
1001111000011111
0100111001010011
1110101101011101
0000000101001100
1011001110011110
0001111010000111
0011000111101101
0000011010100000
0100100101010100
0100000001001011
1111110100000000
0001000011000100
1100110100011001
0001101000111101
0000010101111010
1110101000110101
1100011010011110
1001111000110010
0010110010100110
1000101000111110
1111110101001011
1001010010110111
0001001110001001
1110011000001000
0110100111100101
0001010111011010
0100110100000010
1011100100101001
1010000010010000
1001000000011000
0010100011011001
0100000001100010
0110100000011111
0101100100110101
1001011111011101
0011000000100000
1000100001011000
0001001100000000
0010101011011011
1111001100101010
1110100101001001
0011101011110001
1001011111010011
0010110000110000
1100111001101011
1110110100011101
0011100111011101
0011000011000100
0011100101000111
0110111001010100
0010101111000001
1100111000001100
0010010110100000
0111010100000111
1011011001011011
0000111110010110
0001110101000001
1011001001110111
0010101010101110
1100000010011011
0101110001000000
1010000011000001
1000011010011001
1101001010010000
0000110111100010
1000010010111111
0101110001000000
1011100101011011
0001110101110001
1000100110111000
1000010111101011
1010110010000100
0110000001101011
0111110110111101
0100101110111001
1110001111000000
0010100010101110
1010100110000001
0100000100001000
0100100100000101
0101100111111101
0110000000101100
0100111101101011
0011000111111100
1011110011101011
1110110011101110
0011001011010110
1100100101001001
0000000001011100
0111011011111100
0000001000110110
0000110001111101
1100100000111011
1001001000011101
1110111111101011
1010000010100000
1000111000011110
1111001100001101
0001101100111000
0110010001010100
0100100000110001
1000010110011100
0110110111010100
0100011111101011
0000000001101010
0100110010101111
0110000101101111
0010001011010010
0000001001111000
1011101111001101
1011111100000100
1010111000110101
1111101110001110
1000110011001110
0110000100101011
1111001010100111
1011100010101111
1110001001001011
1001001011101000
0100100111110100
0111101110101011
0101001101111010
1000011010010011
1100010011100100
0101000001110101
0010111000011101
1001110001000110
1010011110110100
0000110111100001
1011100011101111
0101100010011000
0000100010111011
0100000100100010
1100111011101001
0101100101111010
0101000101010100
0110001101011110
0111011000111001
1001101111001010
0010011011100011
0010111101001001
0011101010011100
1010010011001001
1011010001100000
0000110101001010
0100110101100010
1000111101001101
1010101001010011
1101001001011100
1101100001011101
1010101111100111
0001100101111011
1000001110101110
1001010100100010
0100111100010001
1001001010100111
0101010111110010
1101101011001010
0010110100010100
0001010100001011
0100000001111111
0010100101010100
0011110001111011
0010001001100011
1001110001110111
0001110000011100
0111100010000101
1111101111100110
1010011000011110
0010101010010011
1000010011111101
1000010110010001
1000000010010011
1100101101010010
0110101010101100
0011001100000110
0000000110110100
1011010010010010
0010001010110011
0111101000111100
1000001010100111
0110101010111000
1010011100011101
1100100101110110
1011000011100010
0101011101010001
1011100011101100
1111010101100100
0010010001111110
1100111101100000
0101010001011000
1011001110111001
1101010001000100
0001100001010110
0001110011101100
0111101011000110
1000101111010111
0010010001101000
0011110001110100
0101011101010010
1011000011000010
1011011010000111
1111001101100100
1010000011000000
1011011010000111
1000110100100110
0111010010000011
0101111011011100
1010100001101011
1110110110111110
1101100111110011
0110011010101001
1101111110111001
1000010110001011
1001001100110111
1101010101101100
1111110110000111
0100100001001011
0011111101010010
0100000100100010
0111111101110111
1001101000110001
1011000100011010
1001000010101101
1111000101110110
1000001011010101
1111000011011100
1100010101001010
0010000110010101
0110001010101101
1010010100111011
0010111010101100
1011111100111101
1001101100000011
0011001010101111
1110100111101001
0110111000010101
1110100110101111
0010001100001101
0000110110011110
1110100111111111
0011011001000100
0000111000100001
0100001000111010
1100110001101110
0110001111010100
0010100111101101
0000001101110101
1010110111011101
0001011001001100
0100100110000100
0100001110001011
0101111100110110
1100010100011110
1100100101011111
1011110000011001
0011001001010111
0010110100001100
0110100010000010
1011101011000100
0010001001000101
0011111001011110
0111011110011111
0001010011100001
0110010111100000
1111101000011010
1111010100010100
1011110011011001
0100011101100000
0000111111101000
0111111110010010
0001010110011001
1111111011000101
0000010100101011
0011110100100011
0100110110000100
0011110010101010
1101010011111111
1110011100110101
1100111000110111
0111110000001111
1011011100000111
1010100011010001
0110101000110001
0011111111110100
0010100101110111
1101111011110001
1111111011110110
0100100000111001
1011001010110100
0011010001111001
0101011111001000
1010100100110110
1010010100111100
1010000010100101
0110110101001110
1101101111101010
1010101101000101
0010110100111010
0011000001001111
1101111101001101
0001100011110000
1100010100111110
0011101111001100
0011011011100101
0000001110010101
1001110011110101
0110001001111001
0000010001010010
1110110010001010
1111001110010000
0110000111001101
1111001010001101
1000100101101110
1011111001110001
1100011100111110
0101011100001101
1100011001010011
1101011111110101
1011100010010011
1111010001100100
0010010100110011
0110110011001010
0110000011000011
0110101110010001
1101101010001001
1100110110111111
0101111110110101
0010100001111110
0111110100110100
0001100000011011
1000110101111100
1100110111010100
1001111101000001
0000001111100110
0111101000010110
0000111001100001
0100011000010110
1100110000010011
1100011000001010
1111100100010100
0001101110001110
0010001110100111
0000101111111000
0001110101111101
1001010001010000
1000000011100110
0000000111000010
0111011110010011
1001100111010110
1111100101101100
1011011000001000
1000010110000001
0110101100100111
0011100010001000
1010010110111010
1011110111001111
0101101110001011
0111011011011010
1001011101100010
1101101101101010
0000011010100100
0010100101001111
0011111011010100
0100111101011000
1100000011000011
0001111010110100
0110101010110000
0111100010010001
0010111101100010
0111000101100001
1101010111010110
0101000011110100
0110000100101111
1111010111110001
1110000110100011
0110010001100001
1001101100001000
1001010100001001
1000111000001111
0100010000111101
1011000000111111
0100001101111001
1011010011001001
0101000101011010
0101001011101110
0001001101011101
1111000111011100
1000101001011110
0100010111100011
0100000110010100
1110000011100101
0100000101101000
1101110010001111
1111001010010000
0110100101001000
1000000001101110
0010100010101001
0110110001001100
0101100101101110
0111101000110100
0100101111111011
1000101011101011
0011101010110010
0011001100011010
0100101000110110
1011111011111001
0011011110011001
1100001101010000
1101101000010100
0001010110011011
0011001101101101
1110011110000011
0011100010100111
1001101000101001
0101111111011100
0111111100110110
0101110100111110
0011101010101111
1001110010110101
1000000110001110
1000100000101100
1000111000011010
1001111001101101
0001101000001000
0000100001101110
1101110001110011
1101010001100010
0011010110100010
0010101001001011
1101010011000100
1100010001010010
0110001001100010
0000000110010011
1110011000110111
0011001110110110
1001011101001010
0101000001011111
1101000101010111
1101110010101100
1110110100101011
1001101010101101
0101110011101011
1001010101100101
0100000101000110
0010001100110100
1000000101111001
0110001100110101
0100101001110010
1101010110100111
0101110110110110
1100110111101110
1111000111001000
1101011100111110
1010101100011000
1011011000010101
0111011011101011
1100001100100010
1100010010111000
0001111100101111
0000001011111010
1010110001101101
1001010011100010
0110011001000011
1110111011001111
1010001010111110
0011111110111100
0100110110111000
0101010101000000
1110010000010101
1100100001010100
1111110110101111
1110010101011110
1000101000110111
0100100110100111
0101010101101110
1010001111110100
1000011010101000
0001011010011011
1110001000011000
1010001001001001
0101101110110011
0010100110111011
1110110110100010
1011011111111001
1000101001100111
0000000000111010
1011110000101010
0111010111101001
1101000000111010
1010101001000000
1001010010101100
0001111000000001
0001101111111000
1000010011001111
0100011001001011
0101111010011100
1110001110001001
0010011111011001
1100101101001000
1010100111001111
1101101100011001
0110110000001110
0110000011000100
1111100011010110
0100001101111000
0000000011001011
0111001100010100
1011001011111010
1101001100000011
0010101101100010
0110111100111111
1010000111011111
